,1870.0,1880.0,1890.0,1900.0,1910.0,1920.0,1930.0,1940.0,1950.0,1960.0,1970.0,1980.0,1990.0,2000.0,2010.0
Albania,,,,,,,,,,,,,,,
Algeria,-0.761332007339953,-0.7582648305113283,-0.7581114716698971,-0.7565778832555848,-0.7521304768540791,-0.7469162762454172,-0.7452293289896736,-0.7377147457595433,-0.6726905969927015,-0.5616587957964904,-0.34128214065981144,0.37045624242253106,0.8598243054295888,0.8342133789105733,1.51282625224377
Andorra,,,,,,,,,,,,,,,
Argentina,-0.7662394902657523,-0.7574980363041721,-0.7501368119154731,-0.7386348988081308,-0.7124105369233903,-0.6759111326627573,-0.6407919579750054,-0.5490833707991294,-0.2800919629287503,-0.003892689511103531,0.4101761823532199,0.7380573853331915,1.1861719199952483,1.617263623258438,1.7204741235416567
Armenia,,,,,,,,,,,,,,,
Australia,-0.764092466485715,-0.7555043713655661,-0.7372546692352497,-0.6993750354017356,-0.6228489735275514,-0.4762379211192947,-0.289140134573193,-0.059255231267777916,0.5598544115901013,0.8029281752586023,1.5827578839364114,1.7137263345186826,1.7904057552342978,2.29648993195736,2.29648993195736
Austria,-0.6532140241309351,-0.6102735485301904,-0.5676397906123084,-0.5248526738529949,-0.48206555709368143,-0.4394317991757992,-0.39664468241648587,-0.35385756565717247,-0.23270408092650002,0.7635149530107758,1.3610009992268512,1.3994940684260904,2.1101589396184144,2.202941038684309,2.1854581307611487
Azerbaijan,,,,,,,,,,,,,,,
Bahrain,,,,,,,,,,,,,,,
Bangladesh,-0.7642458253271464,-0.7591849835599157,-0.750750247281198,-0.7358744396623687,-0.7104168719847843,-0.6668629610183148,-0.5938641524970488,-0.47455097386355116,-0.48129876288652534,-0.4486333296616732,-0.06523622608359586,-0.2185950675148268,-0.23623133427941836,0.5635350237844508,0.7073856170469454
Belarus,,,,,,,,,,,,,,,
Belgium,-0.71486427838629,-0.6998351119260293,-0.7056627479004162,-0.7039758006446726,-0.7047425948518288,-0.6726905969927015,-0.6372647046220872,-0.5420288640932928,0.17599723148773025,1.2229780419387437,1.5224878592539377,1.7865717841985171,1.8397873021751543,2.29648993195736,2.2011007325871343
Bosnia,,,,,,,,,,,,,,,
Brazil,-0.7642458253271464,-0.7601051366085031,-0.7578047539870346,-0.7556577302069974,-0.7591849835599157,-0.7539707829512539,-0.7337274158823314,-0.6886399165015495,-0.6461595174250986,-0.48390586319085627,-0.26460271994419604,-0.32594625651668846,0.11649400101241275,1.8092688927303393,1.8726060942414378
Bulgaria,-0.770686896667258,-0.7440024582582239,-0.6466195939493923,-0.6668629610183148,-0.5776081153053383,-0.4871263988609121,-0.3277865626138632,-0.5303735921445192,-0.44525943515018607,0.6359203969399918,1.3715827592856065,1.4836880723718362,1.3490390095952156,1.9807240774504555,1.9443780320312538
Burkina Faso,,,,,,,,,,,,,,,
Canada,-0.6880264811358245,-0.6855727396729249,-0.6470796704736859,-0.6246892796247262,-0.6068996540187034,-0.5673330729294459,-0.23331751629222497,-0.1451361824692672,-0.029043539505825437,0.6265655076126867,1.3662151998355132,1.9003640445404906,2.109238786569827,2.1892921017969296,2.2290120417276182
Chile,-0.7571913186213097,-0.7484498646597295,-0.7346475689309188,-0.7180848140563458,-0.6078198070672908,-0.5601252073821781,-0.6674763963840395,-0.5113570958070466,-0.44894004734453563,-0.10925021357435913,0.18013792020637354,0.5915996917663661,1.0463086566099657,1.810189045778927,1.7876452960885356
China,-0.770686896667258,-0.770686896667258,-0.7705335378258268,-0.7693066670943769,-0.766699566790046,-0.7614853661813842,-0.7542775006341164,-0.738788257649562,-0.6863395338800811,-0.09437440595552976,0.2963839220112465,0.521821418915156,0.9576672462627142,1.1462986212231283,1.7750698710911748
Colombia,-0.7650126195343026,-0.761332007339953,-0.7551976536827038,-0.7369479515523872,-0.7085765658876095,-0.7463028408796922,-0.7159377902763085,-0.7165512256420336,-0.6467729527908235,-0.40262567723230386,-0.09253409985835502,0.2253787784285866,0.6340800908428169,1.5085322046836955,2.108778710045533
Croatia,,,,,,,,,,,,,,,
Cyprus (G),-0.7685398728872208,-0.7645525430100087,-0.7545842183169787,-0.7302001625294131,-0.6828122805271627,-0.5972380470085359,-0.5098235073927342,-0.3817688747976565,-0.15878511935664671,0.4641584945370132,0.9009244749331589,1.7443981028049285,2.006028286286609,2.0945163377924287,1.9925327082406603
Cyprus (T),,,,,,,,,,,,,,,
Czech Rep.,-0.7620988015471091,-0.7558110890484286,-0.7452293289896736,-0.7269796268593571,-0.6960011408902486,-0.6516804357166228,-0.6317437863305628,-0.5464762704947984,-0.22871675104928804,0.3488326457807275,0.48685560306883524,0.3948402982100968,1.8126427872418267,2.021517529271163,2.085161448465124
Denmark,-0.7565778832555848,-0.7466095585625547,-0.7346475689309188,-0.7105702308262155,-0.6486132588879983,-0.6058261421286848,-0.5765346034153197,-0.3642859668744961,0.14670569277436515,1.023458189236712,1.1447650328088161,1.7750698710911748,2.04605494390016,2.29648993195736,2.29648993195736
Dominican Rep.,-0.770686896667258,-0.770686896667258,-0.770686896667258,-0.770686896667258,-0.770686896667258,-0.7470696350868484,-0.7410886402710305,-0.7165512256420336,-0.6840391512586126,-0.542182222934724,-0.09897517119846677,0.3131000357272507,0.41232320613325707,1.1277422014099492,1.3665219175183756
Ecuador,-0.770686896667258,-0.770686896667258,-0.770686896667258,-0.770686896667258,-0.7616387250228154,-0.7538174241098226,-0.7403218460638743,-0.710263513143353,-0.6082798835915845,-0.45936844856185927,-0.10510952485571592,0.3779708256526614,0.5675223536616628,1.0229981127124186,1.7355032900019174
Egypt,-0.7693066670943769,-0.7682331552043583,-0.7663928491071835,-0.7627122369128341,-0.7211519908849704,-0.5723939146966766,-0.49080701105526164,-0.5404952756789805,-0.3277865626138632,-0.2185950675148268,0.18627227386362277,0.6156770298710693,1.2217511712072937,1.7036046509842213,1.382777954710086
El Salvador,-0.7579581128284659,-0.7452293289896736,-0.7438490994167926,-0.7470696350868484,-0.7513636826469229,-0.7548909359998413,-0.7574980363041721,-0.7482965058182983,-0.6236157677347076,-0.4779248683750383,-0.37563452114040724,-0.34404259980557367,-0.0548078248662722,0.9553668636412457,1.1343366315914922
Estonia,,,,,,,,,,,,,,,
Ethiopia,,,,,,,,,,,,,,,
Finland,-0.7594917012427782,-0.7521304768540791,-0.7398617695395806,-0.7197717613120893,-0.6867996104043748,-0.6338908101106001,-0.5495434473234231,-0.4196485086311705,-0.20601964251746582,0.8305327667162238,1.4030213217790086,1.667411964406451,2.081787553953637,2.29648993195736,2.29648993195736
France,-0.758724907035622,-0.750750247281198,-0.7377147457595433,-0.7163978668006024,-0.6818921274785753,-0.6263762268804697,-0.5388083284232369,-0.40461934217090983,-0.20279910684740998,0.6555503286431894,1.4223445357993438,1.7290622186618054,2.0018875975679653,2.2437344905050165,2.29648993195736
Georgia,,,,,,,,,,,,,,,
Germany,-0.550770318054873,-0.5495434473234231,-0.5526106241520476,-0.542182222934724,-0.519638473244333,-0.409986901621003,-0.404005906805185,-0.07336424467945114,1.184638331580936,0.6905161444895099,0.39223319790576583,1.3763368833699745,2.0650714402376327,2.1300955890044744,2.2866749661057613
Ghana,-0.770686896667258,-0.770686896667258,-0.7705335378258268,-0.7700734613015332,-0.7689999494115145,-0.7679264375214958,-0.7670062844729085,-0.7047425948518288,-0.590030181461268,-0.6070530128601346,-0.24926683580107292,0.006382352864788999,0.025705566885124008,0.5481991396413277,0.9546000694340896
Great Britain,-0.7542775006341164,-0.7436957405753614,-0.7280531387493758,-0.7036690829618101,-0.6820454863200065,-0.5524572653106165,-0.04253911755177372,-0.05649477212201572,0.2818148320752797,1.0874088261135355,1.45301630408559,1.6983904503755596,1.8670851759499134,2.1431310905261287,2.265818163671114
Greece,-0.7446158936239488,-0.7409352814295993,-0.7283598564322382,-0.6956944232073861,-0.624535920783295,-0.5285332860473444,-0.5653394079908398,-0.4569147070989596,-0.17013367362255782,0.41355007686470696,1.0082756639350203,1.4879821199319108,1.9768901064146749,2.042527690547242,2.29648993195736
Guatemala,-0.7624055192299716,-0.7579581128284659,-0.7297400860051194,-0.7317337509437254,-0.7349542866137813,-0.7459961231968298,-0.7303535213708443,-0.728819932956532,-0.6774447210770697,-0.5759211680495948,-0.4793050979479193,-0.35953184279012795,-0.04990034194047284,0.5492726515313463,1.17144947121785
Hong Kong,-0.7703801789843956,-0.7699201024601019,-0.7686932317286521,-0.7659327725828898,-0.7588782658770533,-0.7423155110024803,-0.7047425948518288,-0.6217754616375328,-0.4250160680812636,-0.003892689511103531,0.44084795063946614,1.1462986212231283,1.4129896464720386,1.5073053339522458,1.7615742930452265
Hungary,-0.718238172897777,-0.7150176372277212,-0.706276183266141,-0.6912470168058804,-0.6817387686371441,-0.6122672134687965,-0.6407919579750054,-0.5536841360420663,-0.44142546411440525,0.7475656335019278,0.3302762259675486,1.1493657980517529,1.9132461872207138,2.108625351204102,2.2044746270986213
Iceland,-0.7558110890484286,-0.7470696350868484,-0.7332673393580377,-0.7111836661919404,-0.676984644552776,-0.6234624088932764,-0.5420288640932928,-0.4210287382040516,0.1519198933830271,1.010115970032195,1.3795574190400302,1.6644981464192576,1.9028177860033904,1.8670851759499134,1.9897722490948981
India,-0.756731242097016,-0.7459961231968298,-0.7377147457595433,-0.7341874924066251,-0.7179314552149146,-0.6933940405859177,-0.6660961668111586,-0.6467729527908235,-0.5113570958070466,-0.21629468489335835,-0.1572515309423344,0.007915941279101309,0.3264422549317679,0.7089192054612576,1.1306560193971427
Indonesia,-0.770686896667258,-0.7703801789843956,-0.7703801789843956,-0.7702268201429644,-0.7699201024601019,-0.7685398728872208,-0.7614853661813842,-0.7495233765497482,-0.6863395338800811,-0.5360478692774747,-0.30140884188769146,0.1740035665491243,0.5408379152526286,1.0340399492954673,1.6085221692968579
Iran,-0.7703801789843956,-0.7696133847772394,-0.7679264375214958,-0.7639391076442839,-0.75473757715841,-0.7470696350868484,-0.7588782658770533,-0.7443091759410864,-0.672997314675564,-0.2435925586681174,0.19041296258226606,0.4040418286959705,0.9260753249278807,1.4885955552976358,1.590425826007973
Iraq,-0.7703801789843956,-0.7702268201429644,-0.7699201024601019,-0.7689999494115145,-0.7677730786800646,-0.7653193372171649,-0.7490633000254545,-0.6944675524759363,-0.6515270768751916,-0.3566180248029346,-0.09590799436984207,0.6248785603569432,0.280741320185261,0.30052461072988984,0.780077707885349
Ireland,-0.761332007339953,-0.7548909359998413,-0.7443091759410864,-0.7268262680179259,-0.6976880881459921,-0.6498401296194481,-0.580675292133963,-0.5125839665384964,-0.2805520394530441,0.49651721007900296,1.3610009992268512,1.7904057552342978,1.8531295213796715,2.29648993195736,2.29648993195736
Israel,,,,,,,,,,,,,,,
Italy,-0.7588782658770533,-0.7548909359998413,-0.740781922588168,-0.732807262833744,-0.6926272463787615,-0.664409219555415,-0.6294434037090944,-0.49617457050535474,-0.3705736793731766,0.4005145753430524,1.1234481538498748,1.3386106083778917,1.5579137516245518,2.0782603006007183,2.168895375886576
Japan,-0.7685398728872208,-0.7639391076442839,-0.7614853661813842,-0.6915537344887429,-0.35385756565717247,-0.11676479680448947,-0.40339247143946005,-0.27564455652724473,1.1191541062898003,1.621711029659944,1.9203006939265503,2.1277952063830057,2.2351463953848674,2.265818163671114,2.265818163671114
Jordan,-0.770686896667258,-0.770686896667258,-0.770686896667258,-0.770686896667258,-0.770686896667258,-0.7700734613015332,-0.7648592606928712,-0.7484498646597295,-0.3667397083373958,0.09379689248059052,0.42321168387487446,1.2180705590129441,1.1366370142129607,1.9147797756350264,1.953272844834265
Kazakhstan,,,,,,,,,,,,,,,
Kosovo,,,,,,,,,,,,,,,
Kuwait,-0.770686896667258,-0.7703801789843956,-0.7703801789843956,-0.7699201024601019,-0.7691533082529457,-0.7674663609972022,-0.764092466485715,-0.7571913186213097,-0.7312736744194317,-0.11124387851296517,0.9315962432194052,1.3616144345925765,1.2188373532201002,2.29648993195736,2.29648993195736
Kyrgyzstan,,,,,,,,,,,,,,,
Latvia,,,,,,,,,,,,,,,
Lebanon,,,,,,,,,,,,,,,
Libya,-0.770686896667258,-0.770686896667258,-0.770686896667258,-0.770686896667258,-0.770686896667258,-0.770686896667258,-0.770686896667258,-0.7689999494115145,-0.7337274158823314,-0.4679565436820082,0.20697571745683888,1.1159335706197444,1.6126628580155014,1.926741765266662,2.0664516698105135
Lithuania,,,,,,,,,,,,,,,
Luxembourg,-0.770686896667258,-0.770686896667258,-0.770686896667258,-0.770686896667258,-0.7458427643553986,-0.7220721439335578,-0.6435524171207676,-0.49510105861533615,-0.4020122418665789,0.21449030068696923,0.8089091700744203,1.0849550846506357,1.2383139260818667,1.897296867711866,2.0710524350534505
Macedonia,,,,,,,,,,,,,,,
Malaysia,-0.7699201024601019,-0.7693066670943769,-0.7682331552043583,-0.7659327725828898,-0.7620988015471091,-0.75473757715841,-0.7412419991124617,-0.7165512256420336,-0.6559744832766974,-0.07106386205798268,0.3604879177295011,0.7475656335019278,0.9111995173090512,1.2996574626543593,1.284321578511236
Mali,-0.770686896667258,-0.770686896667258,-0.770686896667258,-0.770686896667258,-0.770686896667258,-0.770686896667258,-0.7697667436186706,-0.7694600259358081,-0.7651659783757337,-0.7246792442378888,-0.6479998235222733,-0.6096601131644656,-0.5918704875584428,-0.21522117300333968,0.2969973573769715
Malta,-0.7699201024601019,-0.7693066670943769,-0.7677730786800646,-0.7651659783757337,-0.7597984189256406,-0.7493700177083169,-0.7291266506393944,-0.6897134283915681,-0.5668729964051521,-0.09590799436984207,1.0696192005075127,1.268985694368113,1.793779649745785,1.8997506091747658,2.1900588960040857
Mexico,-0.7677730786800646,-0.7578047539870346,-0.7525905533783728,-0.7591849835599157,-0.7625588780714028,-0.75473757715841,-0.7412419991124617,-0.7360277985037998,-0.7099567954604905,-0.45844829551327193,-0.13026037485043776,0.4873156795931291,0.8421880386649975,1.4663585232901073,1.7667884936538885
Moldova,,,,,,,,,,,,,,,
Morocco,-0.770686896667258,-0.770686896667258,-0.770686896667258,-0.770686896667258,-0.7700734613015332,-0.7670062844729085,-0.7657794137414586,-0.7593383424013469,-0.7355677219795062,-0.5147309903185336,-0.4150477433882336,-0.09590799436984207,0.15514042905308292,0.3488326457807275,0.8300726901919302
Netherlands,-0.7539707829512539,-0.7371013103938185,-0.733420698199469,-0.7249859619207513,-0.7111836661919404,-0.6841925101000438,-0.21353422574759615,-0.08900684650543667,0.29791751042555886,0.9082856993218579,1.4990239565149592,1.7750698710911748,1.821077523520544,2.29648993195736,2.29648993195736
New Zealand,-0.740168487222443,-0.6978414469874233,-0.7209986320435392,-0.6984548823531482,-0.6452393643765112,-0.5225522912315265,-0.4098335427795717,-0.3101502958492716,-0.1448294647864047,1.468352188228713,1.606375145516821,1.7293689363446683,1.9130928283792827,2.0741196118820753,2.1431310905261287
Nigeria,-0.770686896667258,-0.770686896667258,-0.770686896667258,-0.770686896667258,-0.770686896667258,-0.770686896667258,-0.770686896667258,-0.7703801789843956,-0.7688465905700833,-0.7476830704525733,-0.7246792442378888,-0.626529585721901,-0.5917171287170115,-0.560892001589334,-0.41980186747260173
North Ireland,,,,,,,,,,,,,,,
Norway,-0.6585815835810283,-0.62392248541757,-0.5961645351185172,-0.5993850707885731,-0.5921772052413052,-0.5500035238477167,-0.4624356253904839,-0.32579289767525715,-0.22564957422066342,0.7079990524126702,1.4376804199424669,1.8517492918067904,2.07595991797925,2.1738028588123752,2.1738028588123752
Pakistan,-0.7702268201429644,-0.7691533082529457,-0.766699566790046,-0.7611786484985217,-0.7482965058182983,-0.7199251201535206,-0.6595017366296156,-0.5363545869603372,-0.10879013705006549,-0.487739834226637,-0.4247093503984011,-0.32563953883382596,-0.2284100333664255,0.02202495469077453,0.24178817446172837
Palestine,,,,,,,,,,,,,,,
Peru,-0.770686896667258,-0.770686896667258,-0.7671596433143397,-0.7628655957542653,-0.7642458253271464,-0.7516704003297854,-0.7404752049053055,-0.7079631305218846,-0.6325105805377189,-0.32901343334531297,0.06665237754726275,0.37030288358110003,0.8395809383606665,1.6891889198896857,1.864017999121289
Philippines,-0.770686896667258,-0.770686896667258,-0.770686896667258,-0.7703801789843956,-0.7591849835599157,-0.7150176372277212,-0.6851126631486312,-0.6374180634635184,-0.3484900062070794,-0.06891683827794542,0.32306836042028064,0.7015579810725585,1.2447549974219785,1.59257284978801,1.760347422313777
Poland,-0.7591849835599157,-0.7502901707569043,-0.7346475689309188,-0.7071963363147284,-0.6596550954710468,-0.6041391948729412,-0.6317437863305628,-0.49510105861533615,-0.21246071385757756,0.23197320861012966,0.663985064921907,1.4223445357993438,1.898063661919022,2.2310057066662243,2.129635512480181
Portugal,-0.7459961231968298,-0.7542775006341164,-0.7602584954499344,-0.7555043713655661,-0.7443091759410864,-0.7429289463682052,-0.6871063280872372,-0.6170213375531647,-0.5616587957964904,-0.2725773796986201,0.13413026777700424,0.17661066685345528,1.0481489627071403,2.2207306642903317,2.29648993195736
Puerto Rico,,,,,,,,,,,,,,,
Qatar,,,,,,,,,,,,,,,
Romania,-0.7663928491071835,-0.7634790311199902,-0.7571913186213097,-0.7420087933196179,-0.7375613869181121,-0.6588883012638906,-0.6294434037090944,-0.6553610479109724,-0.5345142808631624,-0.014627808411289703,0.5495793692142088,1.0417078913670286,1.4698857766430256,1.6594373046520268,2.0857748838308487
Russia,-0.7501368119154731,-0.7417020756367554,-0.7245258853964575,-0.7153243549105837,-0.7058161067418474,-0.6647159372382775,-0.5427956583004488,-0.4276231683855945,0.24178817446172837,1.0542833163643897,1.6523827979461903,2.1139929106541953,2.0051081332380214,1.8911625140546167,1.8198506527890943
Rwanda,,,,,,,,,,,,,,,
Saudi Arabia,,,,,,,,,,,,,,,
Serbia and Montenegro,-0.770686896667258,-0.7682331552043583,-0.7309669567365693,-0.7464561997211235,-0.7329606216751752,-0.5354344339117498,-0.3060096071306284,-0.3239525915780824,-0.21062040776040275,0.11879438363388113,1.2076421577956207,1.5462584796757783,1.2996574626543593,1.5536197040644775,1.9839446131205114
Singapore,,,,,,,,,,,,,,,
Slovakia,,,,,,,,,,,,,,,
Slovenia,,,,,,,,,,,,,,,
South Africa,-0.7702268201429644,-0.7696133847772394,-0.7683865140457896,-0.7657794137414586,-0.7597984189256406,-0.7478364292940046,-0.7231456558235764,-0.6726905969927015,-0.5214787793415079,-0.38728979308918077,-0.2908270818289365,-0.1989651358116292,0.9125797468819322,1.496263497369197,1.704218086349946
South Korea,-0.770686896667258,-0.770686896667258,-0.7705335378258268,-0.7697667436186706,-0.7677730786800646,-0.7518237591712167,-0.7245258853964575,-0.7312736744194317,-0.16476611417246473,0.0896562037619474,0.6095426762138201,1.6298390482557992,1.9897722490948981,2.250482279527991,2.2044746270986213
Spain,-0.7493700177083169,-0.7446158936239488,-0.7443091759410864,-0.7440024582582239,-0.7397084106981494,-0.7318871097851566,-0.6785182329670882,-0.6207019497475142,-0.546169552811936,-0.13056709253330026,0.8089091700744203,1.6425678320945916,2.0796405301735996,2.0357799015242675,2.29648993195736
Sweden,-0.7234523735064389,-0.6938541171102114,-0.6763712091870511,-0.6547476125452475,-0.6326639393791502,-0.598618276581417,-0.5967779704842422,-0.45890837203756557,-0.09667478857699822,0.9095125700533075,1.6046881982610772,1.7060583924471209,2.0051081332380214,2.2351463953848674,2.081787553953637
Switzerland,-0.6725372381512702,-0.6165612610288709,-0.5768413210981821,-0.5464762704947984,-0.4846726573980124,-0.46703639063342084,-0.5328273336074189,-0.570093532075208,0.07263337236308078,0.06803260712014383,0.9467787685210967,1.500710903770703,1.7945464439529413,2.0788737359664435,2.103564509436872
Taiwan,-0.770686896667258,-0.770686896667258,-0.770686896667258,-0.770686896667258,-0.7683865140457896,-0.7473763527697109,-0.7050493125346912,-0.6226956146861201,-0.3955711705264672,0.7112195880827262,1.562054440343195,1.9187671055122384,1.9015909152719404,2.0664516698105135,2.161840869180739
Tanzania,,,,,,,,,,,,,,,
Thailand,-0.770686896667258,-0.770686896667258,-0.770686896667258,-0.7696133847772394,-0.7686932317286521,-0.746149482038261,-0.6973813704631296,-0.6559744832766974,-0.5802152156096693,-0.5406486345204117,-0.34680305895133584,-0.18899681111859917,0.3558871524865642,1.0831147785534612,1.5257083949239936
Trinidad and Tobago,-0.7650126195343026,-0.7610252896570905,-0.7541241417926852,-0.742775587526774,-0.7358744396623687,-0.7171646610077584,-0.7016754180232041,-0.6542875360209538,-0.4825256336179751,-0.034564457797349735,0.2824282674410045,0.705085234425477,1.4309326309194927,1.651616003739034,1.9440713143483914
Tunisia,-0.770686896667258,-0.770686896667258,-0.770686896667258,-0.7700734613015332,-0.7679264375214958,-0.7611786484985217,-0.7481431469768671,-0.7392483341738556,-0.6449326466936487,-0.4231757619840888,-0.22442270348921353,0.07278673120451198,0.689902709123785,1.2550300397978709,1.5631279522332138
Turkey,-0.770686896667258,-0.7705335378258268,-0.7702268201429644,-0.7697667436186706,-0.7685398728872208,-0.7579581128284659,-0.7018287768646354,-0.6486132588879983,-0.6429389817550427,-0.4092201074138468,-0.09590799436984207,0.1752304372805742,0.5089392762349326,1.571255970829069,1.7486921503650033
Uganda,-0.770686896667258,-0.770686896667258,-0.770686896667258,-0.770686896667258,-0.7705335378258268,-0.7702268201429644,-0.7696133847772394,-0.7619454427056779,-0.6599618131539093,-0.6654827314454337,-0.6504535649851729,-0.5452493997633485,-0.39495773516074234,-0.244666070558136,0.06818596596157506
Ukraine,,,,,,,,,,,,,,,
United States,-0.3558512305957784,-0.299721894631948,-0.2986483827419293,-0.2435925586681174,-0.1655329083796209,0.141951568689997,0.5814780082319049,0.6248785603569432,0.1338235500941418,1.6585171516034396,1.7275286302474933,1.8364134076636671,1.714799846408701,1.9284287125224058,1.8977569442361595
Uruguay,-0.7630189545956965,-0.7538174241098226,-0.7551976536827038,-0.7585715481941907,-0.7415487167953241,-0.7144042018619963,-0.6892533518672744,-0.6122672134687965,-0.45216058301459144,0.20252831105533334,0.6376073441957353,0.7691892301437314,1.2090223873685015,1.9203006939265503,1.5941064382023222
Uzbekistan,,,,,,,,,,,,,,,
Venezuela,-0.770686896667258,-0.770686896667258,-0.768079796362927,-0.7659327725828898,-0.7663928491071835,-0.766699566790046,-0.761332007339953,-0.7231456558235764,-0.6604218896782029,-0.26460271994419604,0.14946615192012733,0.3334967616376044,0.18857265648509117,1.1061186047681457,1.6128162168569327
Viet Nam,,,,,,,,,,,,,,,
Yemen,-0.770686896667258,-0.770686896667258,-0.770686896667258,-0.770686896667258,-0.770686896667258,-0.770686896667258,-0.770686896667258,-0.770686896667258,-0.7699201024601019,-0.7659327725828898,-0.7131773311305465,-0.47163715587635774,-0.02306254469000741,0.47995445520443,0.4804145317287236
Zambia,-0.770686896667258,-0.770686896667258,-0.770686896667258,-0.770686896667258,-0.770686896667258,-0.7700734613015332,-0.7685398728872208,-0.7645525430100087,-0.7440024582582239,-0.6602685308367717,-0.42716309186130086,-0.32901343334531297,-0.10449608948999099,-0.026283080360063243,2.1560132332063526
Zimbabwe,-0.770686896667258,-0.770686896667258,-0.770686896667258,-0.7705335378258268,-0.7702268201429644,-0.7693066670943769,-0.7671596433143397,-0.7617920838642466,-0.7455360466725361,-0.586656286949781,-0.5253127503772885,0.011443194632019572,0.7168938652156817,0.3795044140669737,0.5607745646386886
