,1870.0,1880.0,1890.0,1900.0,1910.0,1920.0,1930.0,1940.0,1950.0,1960.0,1970.0,1980.0,1990.0,2000.0,2010.0
Albania,,,,,,,,,-0.19169781326346588,0.3529650444515366,0.5773029916959491,0.755894691415129,0.8356191628225149,1.0201584704941558,1.1787145691762009
Algeria,,,,,,-2.080646952395146,-1.920059186731683,-1.7526126838395457,-1.0802887747291594,-0.7878872408357407,-0.4615744750034525,0.21332822874991936,0.5496006577214809,0.8411515707585645,1.031529166227702
Andorra,,,,,,,,,,,,,,,
Argentina,-1.787441528578034,-1.810884221164583,-1.7573012826375483,-1.3755234944871042,-0.9836989576898318,-0.6873189516533543,-0.4277770798040393,-0.16488618010820158,0.23164013686523652,0.37647455483714537,0.5300228416613052,0.709404774378328,0.8513591148045537,0.989850724601896,1.0796644715663517
Armenia,,,,,,,,,0.25365601224423473,0.5379731684669221,0.7226061992201838,0.6592714386848522,0.611241082032396,0.8407966179456956,0.9392550650163223
Australia,,-0.7258316834869618,-0.4646152139912012,-0.19335216329497978,,0.1774113375996544,0.3673251981664229,0.5113960673938425,0.664991339669126,0.7339456740223191,0.8457529768833348,1.0472378972783307,1.2218443265318732,1.3982523916430452,1.5022878655277296
Austria,-1.7070672045106665,-1.6668802099233517,-1.5128296174816607,-1.2616600640790976,-0.9903970133828761,,-0.23005640736554117,0.18529986999727976,0.48798714539098054,0.6628077988310841,0.7679976747746253,0.9447942221595815,1.128060924031606,1.3065051503847385,1.4142222273960685
Azerbaijan,,,,,,,,,-0.04491434634857203,0.14154056787725,0.2539975894411529,0.32338070706020566,0.36611963789292873,0.5830966695503753,0.7789753895130728
Bahrain,,,,,,,,,-0.9781465164702027,-0.15682204335454664,0.4464135408182245,0.7445484919668169,0.8993090235235186,1.026829500343254,1.10671267518873
Bangladesh,-2.303176411876512,-2.4572270043182036,-2.537601328385571,-2.5710906021725797,,-2.3433635404209223,,,-1.1893700306103487,-0.8073043351731578,-0.7170574401719275,-0.29501888726187064,0.10950480894685473,0.5191119424915314,0.7583236706732867
Belarus,,,,-1.5865058858559835,,,,,0.20664370272348495,0.6503363530856737,0.7083464865352394,0.7237983838777271,0.5912211472775394,0.5724805161770556,0.8026410648431224
Belgium,-1.187648668541987,-1.023886186702063,-0.93694800515957,-0.7005807375622838,-0.5957592503282542,-0.25343198074956574,-0.039301530666160094,0.042211375127128296,0.5755147314542705,0.7079379843735856,0.8091559654674397,0.9758923417046333,1.1322537811097397,1.2710266405262003,1.382295786383554
Bosnia,,,,,,,,,-0.2855950257117705,0.21239720684507593,0.5734985566109073,0.7554123186133557,0.8010715944945631,1.021585147046756,1.1001598066561793
Brazil,,,,-2.068751495367453,-1.9347944002194193,-1.8678158526454023,-1.7338587574973685,-1.3554299971934467,-0.5468448170349501,-0.2256826814175386,0.04534597785144672,0.23456710609207562,0.502601864471631,0.7994507404346909,0.9855037297922308
Bulgaria,,,,-1.1980303769052332,,-1.0004437620297049,-0.6588531359129446,-0.2639029893799066,0.28760733084382806,0.7050243706691325,0.7500540549009984,0.7640258803927602,0.7500608465257228,0.8469318060184923,0.9584108849745905
Burkina Faso,,,,,,,,,-1.8744533932207137,-1.5624271649816723,-1.2218881154575338,-0.7577401697812571,-0.6905071171221682,-0.4510052334048535,-0.08662183657046033
Canada,-1.160736654637473,-1.015195083858132,-0.9854297503376914,-0.7536625425963698,-0.4940430426104159,-0.12659689243330807,0.13310126418506918,0.38574429874927746,0.6486418025299057,0.7881113125175385,0.9158059737480946,1.0932522800230657,1.218394991612504,1.3545756539786096,1.4648023613543144
Chile,,,,-1.9682836740064278,-1.910235577116097,-1.787441595556582,-1.4927360085548576,-1.1109582204044135,-0.3043289254682235,-0.03662907992010214,0.36492076207848234,0.7698729468474574,1.0238221769528904,1.1895606130183591,1.2709552034377436
China,,,,,,,-1.7561849400198082,-1.3989660196272842,-1.0727268766144888,-0.6979618696542849,0.22328787849348275,0.5565798156808387,0.6905502998405322,0.9236825236835586,1.0575391800320364
Colombia,,,,-2.068751495367453,-1.9016400191702807,-1.8678158526454023,-1.6467464585226024,-1.336863476827382,-0.49601485086386626,-0.07272378571846567,0.18993925965637987,0.489306569195351,0.6356010726193898,0.8208503796867347,0.9292863687080644
Croatia,,,,,,,,,0.15774942997300012,0.4384966697971209,0.6348644157617522,0.7533762042563794,0.9144059211681544,1.043962659697671,1.149176918062915
Cyprus (G),,,-1.4316514838648566,-0.9970947341831827,-0.8320595259822576,-0.765080978408241,-0.765080978408241,-0.43018824053815646,0.5131375766093147,0.7453856099479612,0.9197508963366728,1.0534133930410576,1.1615769088633876,1.2529022321569616,1.340144043081703
Cyprus (T),,,,,,,,,,,,,,,
Czech Rep.,-1.6699344986712747,,,-1.3141605288095142,-1.0431223250974992,,-0.19313779845346912,,0.5411278714533679,0.6903226464551834,0.6964443450484985,0.7495048442066015,0.8921222387645362,1.0884296638492226,1.221960317750176
Denmark,-0.9015163200036413,-0.8076124431898533,-0.6823625056436037,-0.33608343477950026,-0.15209340478080463,0.07931744359814982,0.24589316509113257,0.5113960673938425,0.7748763582147676,0.8542793593852168,0.9357656144144251,0.9836283505537227,1.0531655054364857,1.2029763491188872,1.3500791719789993
Dominican Rep.,,,,,,,-2.139078970320171,-1.7338587574973685,-0.8249397532601227,-0.33289528940425117,0.05256632556061849,0.34573801228331713,0.6338864552907693,0.7800940004664929,0.8911310232389886
Ecuador,,,,,,,,,-0.6702059059567741,-0.29457683554573694,0.009746899909421163,0.396333754473534,0.7399135697768402,0.9438632069525927,1.0500040599406857
Egypt,,,,,,-1.9057703406089301,-1.784092668177881,-1.7372076513867956,-1.1146621653441453,-0.6496837057715142,-0.3538662257646925,0.09957178987380674,0.444839511460961,0.6358890803739585,0.733251445844183
El Salvador,,,,,,-2.13573004294147,-2.068751495367453,-1.5999016623493347,-0.9398347738621556,-0.49503693727786685,-0.27201171598306706,-0.05210782896231214,0.45765248751830606,0.6914009608839963,0.8516358723935158
Estonia,,,-1.1310518293312166,-1.12435410853091,,-0.5483383984587223,-0.24211261290741184,,0.26727260361322763,0.6613544045358566,0.6702625513632009,0.6567998566029686,0.6153735780434557,0.8431877253026691,1.1131760492097023
Ethiopia,,,,,,,,,-1.654509292279995,-1.2764823563765342,-1.0816953175303594,-1.0135982817946945,-0.7203728715789867,-0.26365282003724916,0.24117125339395237
Finland,-1.2060945493785475,-1.193274913423188,-0.9986352139859662,-0.9362112143448369,-0.8982343845682245,-0.5388944969271878,-0.26716250262798213,-0.30634496635449177,0.4846583517636807,0.6327143508017878,0.7900536636057651,0.9760866263775808,1.1032387144878042,1.2704439338601612,1.391404969321442
France,-1.2459870370617936,-1.0965578572370331,-0.9876507522773916,-0.7978335886397564,-1.047127669033845,-0.37787805516354167,-0.11518818488039276,-0.14599833016015015,0.5394199854687781,0.7382725082891646,0.8643462752727201,1.023031910465773,1.187725434304105,1.3468797652795172,1.4736881485053956
Georgia,,,,,,,,,0.10590798726572748,0.3727505408941753,0.5930899023376923,0.6787151971820582,0.7188822388600514,0.8464294870052519,0.8665833185745637
Germany,-1.4411625715774627,-1.3694955256732644,-1.1725784618485595,-0.9669543207963279,-1.0131695856009468,-0.16522130727098774,0.10805130078809638,0.04183362951451982,0.5496475092155086,0.6926802712362246,0.787722790056626,0.9569039368631087,1.1155358418652983,1.283719035104348,1.3789022847814425
Ghana,,,,,,-2.13573004294147,,,-1.1177163871135203,-0.8252411366306415,-0.61815689673057,-0.3909656834530688,-0.17624581545315676,-0.08837671917149696,0.12145822920961835
Great Britain,-1.1765637323141966,-1.023149415980894,-0.9474971264024781,-0.7200714882084678,-0.4844408975623834,-0.09777377590685793,0.11173508741539347,0.34207431252243736,0.6693114559876495,0.7665843805358306,0.8486599932008522,0.9822753637991629,1.1194809854830845,1.2751659281619838,1.408529028528326
Greece,-1.5597146677620197,-1.506131729234985,-1.4023148800274372,-1.2784045335262322,,-0.8739184792612438,-0.5516874263052439,-0.37180458112448,0.43413639314147096,0.646686069127873,0.8244672279535862,1.0092342425934144,1.1862184370772537,1.3105639565977565,1.3913379572845939
Guatemala,,,,-2.4036442332375376,-2.4036442332375376,-2.3092258808041235,-2.3366656856635206,-2.068751495367453,-1.0671609392175234,-0.7151820542355647,-0.34019595778767336,-0.029462368631827666,0.3292680678091236,0.6475233545553863,0.8355387729393303
Hong Kong,,,,,,,,,0.295041969718108,0.649459101558823,0.8785390027122353,1.085536190594025,1.271046707299053,1.4684258159363428,1.5736870307309048
Hungary,,,,-1.5104238150313494,-1.3481909222823731,-1.1943440116038548,-0.6479490283678946,-0.06454970367896873,0.35592550965001796,0.6111806807781939,0.6431630511083182,0.6269943694432574,0.6830822520667226,0.8788137152251099,1.030424031358054
Iceland,-1.481684525881195,-1.3392881136452708,-0.779146506888058,-0.6449215779239853,-0.31652569219003296,-0.1486774586674011,0.1834022136938483,0.49029781821017276,0.8534219937891409,0.914948621547728,1.0195154764374452,1.1604651185564965,1.2637192943815847,1.4075892346641372,1.4934244603701647
India,,-2.3070343762167753,-2.3858012151423673,-2.421540901149315,-2.431560891866388,-2.2540007287583954,-1.9929183503148773,-1.8281109696435252,-1.4752277804993503,-1.0598938203885806,-0.6187798173165726,-0.2838870995400523,0.015172195752189964,0.3007218577180604,0.5105030893040218
Indonesia,,,,,,-2.001772947793436,-1.7506033943908728,-2.1692193167284786,-1.001716247267935,-0.5715934171549676,-0.1980071589556644,0.09706679219453816,0.3284909559087509,0.4838947762277725,0.5830967499246326
Iran,,,,,,,,,-1.2125781241361646,-0.8303315196419763,-0.392385621963783,-0.2501231869165713,0.5127021758629552,0.7961286982449859,1.0060439405089334
Iraq,,,,,,,,,-1.27934233366009,-0.45617599737113174,0.023604781496049474,0.11801095722951446,0.5469081201090051,0.581214532176417,0.6157374724924256
Ireland,,,,-0.7023889909004132,-0.4076835825103812,-0.15316516870766483,-0.06609278894725248,0.05446852970742998,0.5292392127482533,0.7030418793373436,0.781701405234012,0.9175875495307249,1.0527234738139162,1.2498547015444892,1.403728977427161
Israel,,,,,,,,,0.6337459209022492,0.7637913684041392,0.8753575685874528,1.022911308893012,1.188951094839726,1.3547028596361625,1.474971792369652
Italy,-1.8240286271688888,-1.6191914974463613,-1.2959529866670274,-1.0785406480331872,-1.1514133077937179,-0.6145802489879719,-0.2616702617269131,-0.20339893203537268,0.49606467115629566,0.6909521510324124,0.8613322071426156,1.0443175522298462,1.215086170988091,1.3971807147882964,1.5060721088110638
Japan,-1.5532819810744638,-1.520703548555914,-1.4735293183964038,-1.404929856481822,-1.302750029955531,-1.1015812683986494,-0.7799180662668367,-0.7163407563171764,0.2937492234692366,0.6806040926914674,0.9552160841620984,1.1877054010205255,1.3396059485958172,1.4885126890516458,1.5676254833407803
Jordan,,,,,,,,,-0.7833795845840092,-0.25285592505330073,0.21462755229216243,0.5446642851824377,0.7286477713770358,0.8449359256750437,0.9320101964608839
Kazakhstan,-2.4170400097308886,,-2.09554291439706,-2.1290321881840684,-1.961585819249026,-1.541630392938488,-1.0325932974188645,,-0.2604311719925031,0.032553088660518995,0.2531402774279147,0.4434664445378392,0.31228903948838366,0.35025915801453006,0.5957890953874105
Kosovo,,,,,,,,,,,,,,,
Kuwait,,,,-2.2696871380895036,,,,,-0.2947710666358467,0.2167842883154645,0.5252003661424117,0.7327937099825934,0.8537904695707643,0.9110168870351668,0.9638696924150968
Kyrgyzstan,,,,,,,,,-0.4107578576569005,-0.11011793562045835,0.12127289287062594,0.3327241608639429,0.4200373887835764,0.484698425028694,0.6745335634781124
Latvia,,,-1.0001490229311047,,,-0.41438130331068845,-0.12074741772474573,,0.30998493726470894,0.6917493230077836,0.6460833559696737,0.6468333951411167,0.5692856595513394,0.7457271737491694,0.9239392814782147
Lebanon,,,,,,,,,0.09244531929691467,0.31286496792540847,0.4780609112448022,0.6006114927624332,0.8082919555994443,1.1101976315300854,1.2761125404423166
Libya,,,,,,,,,-1.4824413633752171,-0.7119268231470651,0.00976027552537131,0.4317586413068841,0.6521246937016095,0.7569662343127823,0.7872360547210195
Lithuania,,,,-1.2181238741988907,,-0.6287127225260899,,,0.22709893105902512,0.7070538943370276,0.7431285065711191,0.7403020788420432,0.6878913385739558,0.7903416512667697,0.9297664597717514
Luxembourg,,,,-0.8570291582831178,-0.7835189066608184,-0.3296615517316677,-0.05813587145255443,-0.0873171051531666,0.45222722516481084,0.6323660556565484,0.7283999373553024,0.9137294646290763,1.0968488940706955,1.2666328009203616,1.4168455650035756
Macedonia,,,,,,,,,-0.22337860598528336,0.22902128235294697,0.5233852943881392,0.6563176110604355,0.8133890230698269,0.9389804440430279,1.0191270611422076
Malaysia,,,,,,,,,-0.25435619093612066,0.13149374555401877,0.4198967606250898,0.6314752208802495,0.7908975665137791,0.9057323600058336,0.9914982539868809
Mali,,,,,,,,,-2.179815289465414,-2.0305201605057683,-1.6270413765241813,-1.1503818515567872,-0.8915097316939384,-0.5593095314363292,-0.2368211960159194
Malta,,,,,,,,,0.46463168566479274,0.6705505457220595,0.8449158388086264,0.9997031617843579,1.1417044005895953,1.2701827108267676,1.3656962696786934
Mexico,,,-2.226820848506362,-2.1466475729874537,-2.13573004294147,-1.7085557729652328,-1.425757405167617,-1.0855064571680137,-0.49006042449526255,-0.048564650399936904,0.2541114127849003,0.5808193654435851,0.8482981884825663,1.027070582927392,1.112997450912596
Moldova,,,,,,,,,-0.001425141919489024,0.2478153891258136,0.3511767105334555,0.4219597333796435,0.48191881530437225,0.5345238469432625,0.7219878421036563
Morocco,,,,,,,,,-0.9031573279084787,-0.6382973995689147,-0.3640402604433307,0.0740395675385914,0.4500705293286371,0.7548765237220372,1.0011097648662504
Netherlands,-1.394143590993374,-1.137414798048603,-0.8761314705666534,-0.5560410452932649,-0.3177983113853582,0.11983957874396098,0.4249267356843676,0.3833331045258867,0.8342528808262621,0.9132004144774986,0.9829719674853519,1.1029572974223172,1.1788105293413107,1.300550750807553,1.43283110052815
New Zealand,,,,,,,,0.6026877741543893,0.687241586381795,0.75811165454841,0.8203212357651903,0.9474665657399634,1.1316376387527518,1.3173556884874382,1.4347065780040942
Nigeria,,,,,,,,,-1.690905428333861,-1.4102251469637503,-1.1335031905895874,-0.9357959741412971,-0.9364590349708609,-0.7878404027374225,-0.534049719782338
North Ireland,,,,,,,,,,,,,,,
Norway,-0.6819607348259807,-0.636080382852796,-0.5552372692331027,-0.27479802356214655,-0.1928832866705427,0.13879443403100572,0.3868160291868641,0.5410005787237032,0.8823299885049245,0.9239973630442848,0.9990535234557285,1.086172547076671,1.1908599499563115,1.337308624601157,1.4538289310125254
Pakistan,,,,,,-2.662717255253835,-2.2192121716162725,-1.8839978697392847,-1.3736548331969176,-0.7303928489003497,-0.333538263367397,-0.10084811133406968,0.09377817230007297,0.25900755800827,0.3941278405702169
Palestine,,,,,,,,,-0.8451740059715069,-0.5214934501738937,-0.06737891101776863,0.3727840167722528,0.6396199395244907,0.7796251372377653,0.8695862347764971
Peru,,,,,,,,-1.5329231147753177,-1.0040001755530805,-0.6582435239643455,-0.21751802995753988,0.18376381077863604,0.5288775285913536,0.823301834715072,0.9588462678577717
Philippines,,,,,,,-1.3319874720532672,,-0.25313723495311163,-0.04464636517972883,0.105131016020305,0.2489473332776698,0.41992343818058875,0.5241755541774006,0.5852734522529665
Poland,,,,,,,-0.6755977728064491,,0.2249623287871234,0.6045297310976583,0.6991637611521154,0.7222446691139431,0.8007568689973678,1.0083768769973385,1.1398335111441606
Portugal,,,,,,,,-0.47499698263514006,0.08454850165295479,0.3565282429017814,0.6221451761817366,0.8843326336816779,1.0365011959150872,1.230437647394201,1.3807888248830602
Puerto Rico,,,,,,,,,0.3596160879020388,0.6689297050578967,0.8642390560137638,0.9571718376576953,0.9718133280638114,1.1567478627489767,1.2916068218097085
Qatar,,,,,,,,,-0.20200579164154295,0.30506876545561434,0.7123920644851122,0.9339838309982968,1.0523751786686768,1.1271835117562417,1.1908376751217746
Romania,,,,,,,-1.1973607253865883,,0.15255854565103039,0.49905861223285386,0.6203902243717664,0.6535381085017904,0.653919825942269,0.8167245882282863,0.9939877014777886
Russia,,,-1.874513707402804,-1.9682836740064278,,-1.826958918531688,-1.4205480109489454,-0.86447718319521,0.0799203509941377,0.5493194014045077,0.5418848295087756,0.5534518907177133,0.43386173421143415,0.4099771506572661,0.6783736110568995
Rwanda,,,,,,,,,-1.2894159206109315,-1.1026462407007853,-0.9816695612811769,-0.806480492340143,-1.685051503275892,-0.33167620616200133,0.34960952191628586
Saudi Arabia,,,,,,,,,-1.1345347004093556,-0.7743441919119843,-0.1553083817622118,0.41419683264370305,0.7236242664454536,0.8796710272383481,0.9441669368026632
Serbia and Montenegro,,,,,,,,,0.017014038831928133,0.35839703814906315,0.6038734484971089,0.7179109695459709,0.7972472332916178,0.8636564230241266,0.9835390815455161
Singapore,,,,,,,,,0.12799087468157372,0.45782671211625564,0.6670207829627639,0.9280294448168214,1.1583955417171523,1.3473084346818456,1.5056480787916957
Slovakia,,,,,,-1.050677505263849,-0.5583851471055505,,0.42046607827946936,0.7070337471899173,0.694783377536484,0.7289222829542676,0.8163761591259519,0.9594826109447082,1.0919660753479066
Slovenia,,,,,,,,,0.4461188218131886,0.6190238419076923,0.6953058236032712,0.8032953425547132,0.9700518458454525,1.176794568829299,1.3614431765623396
South Africa,,,,,,,,,-0.6873055425481299,-0.4080251195201711,-0.2023205439301572,-0.022710931036366556,0.05911680072193856,-0.40176265211341916,-0.05450564533936634
South Korea,,,,-2.436586962076342,-2.271096366730461,-1.896632602485826,-1.3333510883033264,-1.0045372564325117,-0.7105806213193749,-0.2289646704357944,0.2570718980769452,0.5826747783770614,0.9236289743347726,1.2199219752379515,1.4296498316193513
Spain,,-2.0352622215804446,-1.861118131845096,-1.3969566632000636,-1.2658795987127294,-0.9484682885508819,-0.669502711581504,-0.2877919019786342,0.4011963501424243,0.7093110646924169,0.9046673341208594,1.1025621239916306,1.219526801807265,1.3767723781339127,1.5125915327177288
Sweden,-0.8792125038486223,-0.6759326253571907,-0.5106295297573884,-0.30667984569665224,-0.18678829912200012,0.12285351961482523,0.3125367127616033,0.5961909354139672,0.8297919555071729,0.9294962884044021,1.0131123741743526,1.1244908736759445,1.2543556331500438,1.3815143521364766,1.4739560961849654
Switzerland,-1.2938097166807143,-1.04907007370491,-0.8564398378605855,-0.6525571122538585,-0.4090230864833148,-0.051022749700194235,0.17904858131011836,0.39364787452868755,0.6700682666902529,0.810977808752872,0.965624597340084,1.1166745910375877,1.2458762160057208,1.4146353510775047,1.5285434226874695
Taiwan,,,,,,,,,0.011883461994193992,0.3998098875097876,0.6697602323499598,0.852625022749413,0.9929384222493491,1.1708066129997798,1.296284246348893
Tanzania,,,,,,,,,-1.2004550003274126,-1.0014349373681242,-0.7565212071003934,-0.6150424076640877,-0.669248106028611,-0.2799086006055747,0.20399809251182563
Thailand,,,,,,,-1.3118939747596097,-1.108725646808777,-0.5383050723128268,-0.20230045706373986,0.12103843446484325,0.5044369896030473,0.6958616852674423,0.8131211222752408,0.9814737757071208
Trinidad and Tobago,,,,,,-1.4123617961206352,-0.9502096839028235,-0.360798532230022,-0.04976355970365751,0.289978378125803,0.40705022831541005,0.5082816854930362,0.5627954918742549,0.6067467946987607,0.6894027228956727
Tunisia,,,,,,-2.082147271860804,-1.920059186731683,-1.7526126838395457,-1.3596161363232588,-0.9545432495137003,-0.24844872322722125,0.36548997926504,0.7502684800232021,0.9477814051006895,1.0205559256629286
Turkey,,,,,,,-1.6380794344665244,-1.6856342702226241,-1.190368077947749,-0.7554227120351958,-0.32027649085417753,0.0960621273766373,0.45919305439320146,0.820133742716966,1.0012770996020406
Uganda,,,,,,-2.4103420879949393,-2.242895719059897,-2.082147271860804,-1.2604276387101712,-0.8980066575064726,-0.7124091758552742,-0.7929240142175976,-1.0047503888687475,-0.5326989812765914,-0.09384435662165648
Ukraine,,,,-1.5597146677620197,,-0.8664864994353024,-0.6622019963130982,-1.3668163368853201,0.2731802119770773,0.6828611960683094,0.6889695927220764,0.6622518701883653,0.5618778254917981,0.5207262259558867,0.7278595611313298
United States,,-1.371504815121937,-0.9830293061711863,-0.6227591185066977,-0.439833245158781,-0.12436423250232367,0.07295449497432821,0.3722146522328902,0.6168203883474569,0.6911398450162788,0.8233822089721607,0.9837891191614644,1.0775859173712465,1.1853878361087882,1.2728752104825003
Uruguay,,,,-0.7291805438871148,-0.5282449011650643,-0.5282449011650643,-0.6622019963130982,-0.12637361572096312,0.44561649610209353,0.567483916528034,0.6191980999949155,0.7712796503971712,0.9138568444308524,1.0570836968867279,1.1438522128399748
Uzbekistan,,,,,,,,,-0.2053346723409547,0.04155501885017638,0.23622145612358952,0.3947462825217726,0.4443439438853155,0.5637800363364649,0.7220882541117929
Venezuela,,,,-2.13573004294147,-2.068751495367453,-1.9347944002194193,-1.8678158526454023,-1.4659445672013012,-0.2570956872083002,0.12259229658143161,0.43308478975743053,0.6093187173427648,0.7327267247371648,0.8783716434154114,0.943675693810805
Viet Nam,,,,,,,,,-0.32330391450666857,0.06872815532026243,0.13161433373107106,0.6034179273950584,0.7986335820607238,0.9550285375310363,1.0508525106920796
Yemen,,,,,,,,,-1.692693735460523,-1.5548184354665378,-0.9799817755587145,-0.36362503363550036,-0.052456090618278065,0.12376446804896017,0.28551090677222984
Zambia,,,,,,,,,-1.136785193003552,-0.8770156141860497,-0.6186257331678787,-0.743614414191461,-1.0795118369730106,-0.7020072935534987,-0.04125500019328489
Zimbabwe,,,,,,,,,-0.7037823054384666,-0.4528136742829161,-0.21508000412799103,0.023651646385787147,-0.5507362572532907,-0.9177987714296112,-0.19221356147549534
